group_id = 4
folder = <PATH_TO_DATA>/qe_jobs/nep_training/NEMD/0217/post/210-300k/20+10/shc/900k/shc_g4
compute_file = <PATH_TO_DATA>/qe_jobs/nep_training/NEMD/0217/post/210-300k/20+10/shc/900k/shc_g4/compute.out
shc_file = <PATH_TO_DATA>/qe_jobs/nep_training/NEMD/0217/post/210-300k/20+10/shc/900k/shc_g4/shc.out
model_file = <PATH_TO_DATA>/qe_jobs/nep_training/NEMD/0217/post/210-300k/20+10/shc/900k/shc_g4/model.xyz
skip_fraction = 0.2
M = 7
G_LEFT = 2
G_RIGHT = 6
DeltaT_K = 1.091634166667e+01
Area_A2 = 1.373931352070e+03
xmin_A = 1.018614569700e+02
xmax_A = 1.103924502100e+02
xmean_A = 1.058211639343e+02
Steady_state_group_temperatures_K:
g1 = 0.000000000000e+00
g2 = 9.098435791667e+02
g3 = 9.033188041667e+02
g4 = 9.076693958333e+02
g5 = 9.063669229167e+02
g6 = 8.989272375000e+02
g7 = 8.901037708333e+02
