group_id = 3
folder = <PATH_TO_DATA>/qe_jobs/nep_training/NEMD/0217/post/100-300k/9/shc/900k/shc_g3
compute_file = <PATH_TO_DATA>/qe_jobs/nep_training/NEMD/0217/post/100-300k/9/shc/900k/shc_g3/compute.out
shc_file = <PATH_TO_DATA>/qe_jobs/nep_training/NEMD/0217/post/100-300k/9/shc/900k/shc_g3/shc.out
model_file = <PATH_TO_DATA>/qe_jobs/nep_training/NEMD/0217/post/100-300k/9/shc/900k/shc_g3/model.xyz
skip_fraction = 0.2
M = 7
G_LEFT = 2
G_RIGHT = 6
DeltaT_K = 1.205864250000e+01
Area_A2 = 1.279291162278e+03
xmin_A = 5.118352945000e+01
xmax_A = 5.936659025000e+01
xmean_A = 5.527684653000e+01
Steady_state_group_temperatures_K:
g1 = 0.000000000000e+00
g2 = 9.098485875000e+02
g3 = 9.020688175000e+02
g4 = 9.069898500000e+02
g5 = 9.063962625000e+02
g6 = 8.977899450000e+02
g7 = 8.900728600000e+02
