group_id = 3
folder = <PATH_TO_DATA>/qe_jobs/nep_training/NEMD/0217/post/210-300k/20+10/shc/300k/shc_g3
compute_file = <PATH_TO_DATA>/qe_jobs/nep_training/NEMD/0217/post/210-300k/20+10/shc/300k/shc_g3/compute.out
shc_file = <PATH_TO_DATA>/qe_jobs/nep_training/NEMD/0217/post/210-300k/20+10/shc/300k/shc_g3/shc.out
model_file = <PATH_TO_DATA>/qe_jobs/nep_training/NEMD/0217/post/210-300k/20+10/shc/300k/shc_g3/model.xyz
skip_fraction = 0.2
M = 7
G_LEFT = 2
G_RIGHT = 6
DeltaT_K = 1.335341250000e+01
Area_A2 = 1.373931352070e+03
xmin_A = 5.662295792000e+01
xmax_A = 6.478599459000e+01
xmean_A = 6.070447574750e+01
Steady_state_group_temperatures_K:
g1 = 2.984378812500e+02
g2 = 3.099195468750e+02
g3 = 3.033070312500e+02
g4 = 3.086307187500e+02
g5 = 3.064145125000e+02
g6 = 2.965661343750e+02
g7 = 2.900648031250e+02
