group_id = 3
folder = <PATH_TO_DATA>/qe_jobs/nep_training/NEMD/0217/post/100-300k/9/shc/600k/shc_g3
compute_file = <PATH_TO_DATA>/qe_jobs/nep_training/NEMD/0217/post/100-300k/9/shc/600k/shc_g3/compute.out
shc_file = <PATH_TO_DATA>/qe_jobs/nep_training/NEMD/0217/post/100-300k/9/shc/600k/shc_g3/shc.out
model_file = <PATH_TO_DATA>/qe_jobs/nep_training/NEMD/0217/post/100-300k/9/shc/600k/shc_g3/model.xyz
skip_fraction = 0.2
M = 7
G_LEFT = 2
G_RIGHT = 6
DeltaT_K = 1.206620750000e+01
Area_A2 = 1.279291162278e+03
xmin_A = 5.118352945000e+01
xmax_A = 5.936659025000e+01
xmean_A = 5.527684653000e+01
Steady_state_group_temperatures_K:
g1 = 0.000000000000e+00
g2 = 6.098983050000e+02
g3 = 6.026302400000e+02
g4 = 6.080146375000e+02
g5 = 6.071222450000e+02
g6 = 5.978320975000e+02
g7 = 5.900997725000e+02
